RET-resp run #1
 &cntrl  
 nmol=1,
 ihfree=0, 
 qwt=0.0005,
 iqopt=1,  
 /
    1.0 
Gadda 
  CHARGE   85
  15    0
   8    0
   8    0
   8    0
   6    0
   6    0
   8    0
   6    0
   8    0
   6    0
   8    0
   6    0
   7    0
   6    0
   7    0
   6    0
   6    0
   7    0
   7    0
   6    0
   7    0
   6    0
   7    0
   6    0
   8    0
   7    0
   6    0
   8    0
   6    0
   7    0
   6    0
   6    0
   6    0
   6    0
   6    0
   6    0
   6    0
   6    0
   7    0
   6    0
   6    0
   6    0
   8    0
   6    0
   8    0
   6    0
   8    0
   6    0
   8    0
  15    0
   8    0
   8    0
   8    0
   1    0
   1    0
   1    0
   1    0
   1    0
   1    0
   1    0
   1    0
   1    0
   1    0
   1    0
   1    0
   1    0
   1    0
   1    0
   1    0
   1    0
   1    0
   1    0
   1    0
   1    0
   1    0
   1    0
   1    0
   1    0
   1    0
   1    0
   1    0
   1    0
   1    0
   1    0
   1    0

