RET-resp run #1
 &cntrl  
 nmol=1,
 ihfree=0, 
 qwt=0.001,
 iqopt=2,  
 /
    1.0 
iLOV 
  CHARGE   51
   7   -1
   6   -1
   8   -1
   7   -1
   6   -1
   8   -1
   6   -1
   7   -1
   6   -1
   6   -1
   6   -1
   6    0
   6   -1
   6    0
   6   -1
   6   -1
   7   -1
   6   -1
   6    0
   6   -1
   8   -1
   6   -1
   8   -1
   6   -1
   8   -1
   6    0
   8   -1
  15   -1
   8   -1
   8   -1
   8   -1
   1   -1
   1   -1
   1   -1
   1    0
   1   35
   1   35
   1    0
   1   38
   1   38
   1   -1
   1    0
   1   42
   1   -1
   1   -1
   1   -1
   1   -1
   1   -1
   1   -1
   1    0
   1   50

