RET-resp run #1
 &cntrl  
 nmol=1,
 ihfree=0, 
 qwt=0.001,
 iqopt=2,  
 /
    1.0 
iLOV 
  CHARGE   83
  15   -1
   8   -1
   8   -1
   8   -1
   6    0
   6   -1
   8   -1
   6   -1
   8   -1
   6   -1
   8   -1
   6   -1
   7   -1
   6   -1
   7   -1
   6   -1
   6   -1
   7   -1
   7   -1
   6   -1
   7   -1
   6   -1
   7   -1
   6   -1
   8   -1
   7   -1
   6   -1
   8   -1
   6   -1
   7   -1
   6   -1
   6   -1
   6   -1
   6    0
   6   -1
   6    0
   6   -1
   6   -1
   7   -1
   6   -1
   6    0
   6   -1
   8   -1
   6   -1
   8   -1
   6   -1
   8   -1
   6    0
   8   -1
  15   -1
   8   -1
   8   -1
   8   -1
   1    0
   1   54
   1   -1
   1   -1
   1   -1
   1   -1
   1   -1
   1   -1
   1   -1
   1   -1
   1   -1
   1   -1
   1   -1
   1    0
   1   67
   1   67
   1    0
   1   70
   1   70
   1   -1
   1    0
   1   74
   1   -1
   1   -1
   1   -1
   1   -1
   1   -1
   1   -1
   1    0
   1   82

